2.3072052
1.426156
1.8962507
2.0750847
3.719574
1.0659246
0.85591125
2.2038984
0.6723118
0.27580547
2.3100853
0.13996792
0.32594776
1.5148401
0.07129574
1.2618771
0.23122501
0.15274048
0.22357273
0.8084097
0.19859695
2.0596533
0.50377655
2.3350663
0.8759289
0.8143873
0.9782839
0.059348106
0.42068863
0.81787395
0.052696228
1.4911871
0.087436676
0.54370594
0.044968605
0.47049713
0.54298115
0.13422585
0.2910738
0.49567127
0.025652885
0.108860016
0.12593079
0.22029877
0.21483135
0.27198792
0.46538734
1.0389528
0.09825325
0.03279972
1.134634
0.46488285
1.3701487
0.38903332
0.26030827
3.108582
0.2986431
0.42587948
0.18623734
0.55477333
0.070178986
0.14616013
0.98039436
1.2770834
0.25529575
0.12641335
1.2036829
1.139431
0.60143375
0.29872894
1.0430422
0.57548046
0.094958305
0.4221754
0.8572769
0.42084503
1.1770515
0.6606798
0.23347092
1.5562716
1.1082735
1.4276094
0.46949673
1.0440178
0.92419624
1.1737976
1.5530939
1.007412
1.2466936
1.3151503
1.4436607
1.2808228
1.2186432
1.5060711
1.0126858
1.1933403
1.26861
1.1250315
1.1182117
2.1958237
1.0394382
0.1344738
1.0132389
1.4109917
2.5312157
1.5446796
3.1065197
1.6073036
1.5690527
1.4250689
2.2314873
1.1721277
1.0104961
1.1280613
1.5932093
1.0379896
1.0188484
1.1160097
1.3496408
4.46661
1.1692476
2.5798779
1.265872
0.99849796
1.2104797
1.050251
1.9888945
2.0584097
1.7035999
1.6709976
1.31956
1.181201
1.0182123
1.1432495
1.1407146
1.4105616
1.040762
2.368454
1.4225817
0.18615723
0.1115036
0.27831268
0.5427036
1.0909405
0.9955616
1.3493242
1.5873394
2.4424505
1.6522064
1.1991253
2.4861183
2.8238134
1.802185
2.0778923
0.81758404
1.2878752
1.5607872
1.2013588
1.2209549
1.09274
2.0350409
1.5002165
1.2599335
1.6625137
1.8994884
0.25792694
1.1801043
1.5394115
1.4371262
1.398202
1.1251078
1.0962906
0.044348717
1.240552
1.2548304
0.24154377
0.33374786
0.2680254
0.11954689
0.5198631
0.8077831
1.6824379
1.3230877
2.3486662
0.50968456
0.46785355
0.7694874
0.6220579
1.0020771
0.2942896
0.18790627
3.3913221
1.9023762
0.490057
0.70748615
1.1852226
0.45043945
0.12586594
1.9762869
1.549161
2.5943775
1.4240818
0.965868
0.5256758
1.1335516
1.008049
0.38911247
0.20723438
1.779562
0.18634224
0.13366795
0.22222614
0.12870789
0.8854389
0.28559685
0.30854797
0.4784298
0.7390995
1.2190485
0.8565836
0.46553802
0.65604115
0.86264515
1.9847345
0.20811558
0.7632656
0.6278677
0.26643944
1.5841208
1.3828306
2.2180614
1.1621103
1.3778362
0.00880909
1.0379629
1.2116318
1.0432854
1.1932688
0.04635811
1.5454121
2.336032
1.2200584
1.0610561
2.128271
1.3159494
0.88893414
0.6792383
2.2172203
0.43639565
0.18374729
0.040052414
0.99404335
0.025399208
0.9505882
1.5169239
0.11477661
0.051189423
0.55681324
0.059135437
0.19579124
0.18427563
0.085440636
0.66564846
1.0285082
1.0084
1.0138397
0.106432915
1.2408276
0.25791836
0.9728956
0.2190094
1.1505079
1.5997553
0.17524242
1.6462393
2.2832222
0.15521145
0.06523609
1.31289
2.3530626
2.0543165
0.07349491
0.25081348
0.4531269
0.313879
0.95328045
1.9236689
0.122906685
0.17360687
1.4548063
0.967947
1.2680073
1.0146656
0.30734062
0.9036255
1.8968515
0.48832035
1.3516207
0.9540653
0.27726746
0.029705048
0.8692894
0.4447651
0.015641212
0.6408529
0.118849754
0.5907335
0.22980785
0.56249714
0.6655016
0.3108101
3.3161507
0.22942352
0.12831402
0.0128622055
0.43428993
0.006382942
0.76141834
0.71910286
1.6765347
1.2664995
1.7404795
0.4166689
0.7920408
0.7691374
0.27087116
0.91241074
0.6278658
0.053349495
0.27702045
0.76643085
0.3881216
0.825613
0.1071043
0.20744419
1.253417
0.27138138
0.34727764
0.42873287
0.06139946
0.72387314
0.08471012
0.4646721
0.87282753
0.06384468
0.97323513
0.805727
1.1994877
0.88794136
1.2530575
1.3488178
0.2365303
0.8127575
0.13389778
0.7263241
0.6263399
0.16927814
1.272605
1.7365856
0.099741936
1.2106771
0.72966003
1.8608437
1.4765844
1.080019
0.29739094
0.23093414
0.05575466
0.14501667
0.37738895
0.049261093
0.42987823
0.6212721
0.2403574
1.6026897
2.8963518
0.02440834
2.2008066
0.1051712
0.31641197
1.669877
2.1552677
0.8085098
0.56884956
1.4818211
1.7966242
1.3290987
2.32932
0.41034317
1.0681067
0.15245724
0.70744514
0.16412449
0.7645607
0.3827114
1.5978518
1.8160448
2.113494
1.9246941
1.4048843
2.5324926
1.2922153
1.133584
2.8182755
2.7020016
3.8215418
1.0010576
3.9392514
4.9112062
4.341564
4.165513
4.176161
5.7312603
4.4522924
4.053754
4.1964436
4.0596304
4.3181715
4.098219
4.1709967
4.148794
4.975581
3.8761072
4.514478
4.4561386
4.0628576
4.0308313
3.9815416
5.324707
4.539769
4.056096
4.840802
4.079068
4.000621
4.2668066
4.981842
5.4660025
4.0748835
4.446372
4.454316
4.6641684
4.416086
4.5529594
4.8403587
4.027855
4.488513
4.0146866
4.0252495
6.2840147
4.3970995
4.2752857
4.296385
4.5734043
4.5209
4.8455276
4.0511074
4.9551067
4.1790695
4.470598
3.4733772
5.219079
4.2026854
4.119706
4.7337456
4.098407
4.1540174
4.641183
4.3961897
3.982975
4.164318
4.18067
4.180399
5.395089
4.1408567
4.973713
4.7132454
3.1378145
4.5133333
2.7142544
1.0610371
4.354844
4.003957
5.4953165
4.9254246
3.9860687
5.234679
4.7456846
4.7625675
4.5103617
4.2038546
4.747155
5.2058773
4.1420794
4.913394
4.1742496
4.8658657
1.7941456
4.3100595
4.156846
4.696618
4.1319523
1.4187336
1.3771868
1.920661
1.8610659
1.5739174
1.3413286
2.0113373
2.28646
1.3149691
0.712903
0.43876457
1.6426258
1.1011591
0.20708942
1.162323
1.4526482
1.4051294
1.0742016
1.9830046
1.1633797
1.593399
1.112464
1.111167
1.5067673
1.0582609
1.4843197
2.1959677
2.6027431
1.4355507
1.0042067
1.1266346
2.6234608
1.4199228
1.310689
2.1218176
1.7625065
1.0554466
1.1216354
2.0824308
1.3167744
2.3312902
1.5727606
1.6342077
1.1908064
1.2068024
1.155901
2.0850048
1.3125877
1.3675318
1.2030973
1.0022554
1.3804302
1.5378695
2.364215
1.6317444
2.6671314
1.8509178
1.0870705
1.4696217
2.5131674
1.4772835
1.0978231
3.6598835
1.3562298
1.0770245
1.2624931
4.6214046
1.0754719
1.3937817
1.4032946
1.2961998
1.003869
1.3821306
1.0930262
1.468813
1.2396908
1.4264412
1.1764193
2.840374
2.0192766
2.3346748
2.5430527
3.296586
2.4177933
2.9061298
3.001113
2.4083843
2.124648
2.0363388
1.029643
2.63896
2.5687313
2.4138641
2.2455769
2.5828276
2.5405922
2.0735865
2.0074139
2.2927914
2.3091402
1.9962511
1.0870466
1.0317459
2.9594402
2.9472475
2.1121225
2.1390352
2.1244507
2.8429232
2.8188896
2.2808266
2.595706
2.6953516
2.1780891
2.073554
3.0036259
2.2015991
2.6045198
2.1201925
1.7115374
2.469757
2.1121616
2.2440195
2.5587645
2.971386
3.8629484
2.4322243
3.9445028
2.174882
2.1872597
2.31034
2.0827894
2.788351
2.974537
3.2125263
1.9500628
1.2247896
3.3695078
2.0864792
2.0790997
2.1498919
2.1509027
2.4231653
2.8799038
2.7508383
2.2967691
2.105832
1.9947672
3.2811756
2.2806377
2.1669893
2.162386
1.3052444
2.0641708
2.4523764
2.1648884
1.148778
2.1457663
2.169056
4.4442606
2.2504425
2.0765486
1.1833086
2.111988
2.5260582
2.0374975
2.662387
2.41932
2.9295483
2.398078
2.042677
2.501298
3.2563076
2.6228504
2.1442356
2.3034372
2.4575148
1.9167976
2.4101944
2.0175028
2.4565392
2.7807503
1.3158417
2.1870403
1.0056925
1.0984449
2.378994
2.9885244
1.2279625
3.2233677
3.9638166
2.7622776
2.0305347
1.9601498
2.175994
2.1277895
2.1854448
2.0872793
3.3296785
2.420354
2.1192684
3.8877916
2.48215
2.0713015
4.284066
2.5038424
2.4721756
2.1284418
3.0149431
1.1855574
2.180336
2.9096775
2.8287306
3.8340006
1.5221815
1.7164164
2.5643978
1.5376177
3.4994116
2.005746
2.6505213
1.403883
2.3500128
2.2804747
1.3164234
1.5844717
1.7738743
1.5355482
1.9186735
2.3251238
2.1961832
1.2775784
4.6905055
1.1403627
2.4388828
1.8243227
1.3511868
1.1209106
1.9169455
1.0095034
1.1614275
0.80297184
2.037218
1.7073421
0.9739113
2.684741
1.8010845
1.3401661
2.8439827
2.7951279
2.49049
2.097684
2.653494
2.0443869
2.1912413
2.8677168
0.9969263
2.2462082
1.1208372
1.1426582
1.5038538
3.3005733
2.692008
1.0847206
2.1534653
2.1026945
1.6894407
2.2614393
1.9386339
1.0620079
1.5132933
2.3726711
1.209959
1.0903492
1.0290947
0.13581562
0.5572729
1.4223042
1.2563486
0.756197
2.8223982
0.16122913
2.1063318
2.0113544
0.17254257
0.46964455
1.1875296
0.038041115
0.19671917
1.2376556
0.6253004
0.46866608
0.22934914
1.1817293
0.3489275
0.27081108
0.13106728
2.369254
0.2099247
0.42047882
1.7982311
0.18943214
0.091887474
1.9983149
0.60346603
0.009283066
1.0459747
1.1854277
0.8106518
1.9375229
0.42668724
1.7407465
2.6072502
1.3790693
1.1211901
1.2610531
1.4974575
2.4606676
1.3422327
2.2236986
3.1980848
1.0558414
2.0381002
1.1445274
2.3887243
3.5346584
2.3641987
3.9964204
2.4991999
2.4043226
1.5205984
2.9170074
1.1594191
2.048647
2.6603413
2.635211
2.1406841
2.0734224
2.113327
2.9200182
1.5102329
1.255188
0.6697159
1.5287075
2.4313927
1.4692326
2.3139439
1.0678816
1.6981144
1.5371714
4.059866
1.5776749
0.7544451
2.1826105
1.7188253
0.485404
1.0445347
0.26845455
1.8000221
1.7950974
1.565238
0.6715603
2.5759306
0.5402937
1.7999096
0.09292698
4.2051888
1.2213383
2.1175404
1.1855316
2.6142502
1.7997322
1.0510311
0.11122608
1.4924593
2.0107098
1.7620773
1.0567751
1.0033503
2.687829
1.0774517
1.5545616
2.4185047
1.2644176
1.592433
1.1836967
1.1061945
1.3884916
1.9385834
1.116086
1.1620703
2.091155
2.6933422
1.5829105
2.1804733
1.134634
1.02841
1.4875021
2.2174568
1.6104851
2.2410955
3.1781254
1.2333517
3.7439394
2.6072912
1.5616598
2.7858286
2.0871077
1.2303848
1.559722
1.1126776
1.7156839
1.8382034
1.2932262
1.0605345
1.0840797
1.8409271
1.6386127
2.1207838
2.6381855
1.617362
4.0625772
1.4211588
1.5478039
2.2066069
2.7484617
1.1266642
1.2516499
1.7408905
2.1533394
1.6522627
2.1908884
1.0927019
1.0758629
1.1472893
1.18293
1.0027504
1.0094786
1.042984
1.4769506
1.5459795
1.3025885
1.9669933
1.290494
1.6331224
1.5259104
0.06271553
1.5070658
0.28793335
0.06673145
0.25153637
0.12873077
0.53296375
0.49857044
0.38561058
0.48119164
0.6983795
1.0745697
0.30920887
0.31327534
1.8121948
0.15310287
0.46402645
0.72178745
0.3755312
1.1642227
1.2834139
1.2727766
0.09093475
0.36743546
1.11798
1.232584
1.1675119
3.0014172
1.0725527
1.1693249
0.8151779
3.3020191
1.9393644
0.09955692
0.7671366
1.060071
2.0658627
0.7174444
1.8485489
2.1525507
0.021439552
1.5140381
1.529973
0.0015859604
1.7749939
0.8386965
1.0719709
0.37631798
0.9529381
0.16170406
1.0514784
0.31861782
1.3429203
2.8340015
0.78684235
3.4239388
0.70345306
1.5155478
1.0228872
2.6233883
1.6740541
1.3602705
1.3374548
1.0769024
0.65538216
1.2358322
0.3799057
0.41785145
0.50420284
0.19638348
0.15855026
1.7237225
0.49874973
1.445509
0.19430542
2.589425
0.24199963
1.3782396
1.1684637
0.1734848
0.5677061
0.47652626
0.24976444
0.7135372
0.23162079
0.23996735
0.7639675
0.89398384
0.22048283
0.32461643
1.2292404
1.2445822
0.021690369
0.6180353
1.1833582
1.0029392
1.0471764
0.043465614
0.21963215
1.2369776
0.7324333
0.1265564
0.13617611
0.24029541
1.604784
1.0273056
2.08014
1.5439749
1.1430426
0.21835709
1.4153824
1.8966475
1.0142441
0.63997364
1.3244715
2.7575035
2.2942257
1.6007891
1.3138208
1.2672815
0.44051552
1.3034897
2.6655884
1.6507139
1.7504549
2.390257
2.4732924
1.2432461
1.3381939
1.9078836
1.3729143
2.5460587
1.8395567
1.4399719
1.589942
1.0630522
1.800705
1.341444
1.0028934
1.0166473
1.157958
1.0105982
2.5120592
0.2405262
0.6491213
1.3517361
0.14512348
0.20579529
3.2166138
1.7851019
0.27190495
0.3677721
1.6032467
1.2004099
1.1872034
1.1860456
2.686552
1.0863695
1.1095438
2.1566162
1.4608898
1.2676926
2.3826857
1.4774151
1.8310442
4.648198
2.652833
2.56075
1.5473976
2.7820053
1.417223
1.7729187
2.0729294
1.9908743
1.8682919
1.8402786
1.24646
1.0700254
1.2813025
1.473134
0.3155203
1.400094
0.08776951
0.15727329
0.37192345
0.33437157
1.2234087
0.46033
0.8049755
0.33522034
0.2835846
1.0155563
0.9148464
0.04837036
0.06897068
0.8533325
0.60044956
0.995986
0.58870316
0.9571123
0.12505436
0.67282677
0.004237175
0.35021114
0.916193
1.1884966
0.7063112
0.10734367
1.4658728
0.092559814
0.19052696
0.04842472
4.2815876
1.2836714
1.1135807
1.0102777
1.2242088
0.06805897
1.4740057
2.1751137
1.5019674
0.7581997
1.0076513
2.0409136
0.7031355
0.93874264
1.404521
1.5237837
1.2475071
1.7514286
0.5863123
1.6082306
1.3493042
0.45107746
0.27036095
0.7044964
0.23322964
0.18092823
0.25399876
1.8951578
1.9270868
0.8344431
1.8324118
1.1082821
1.8971024
0.50319576
1.1434431
1.28827
0.19914722
0.06532574
0.74821854
0.09904671
1.4799223
0.8609476
0.23717117
0.6872263
0.06450653
0.06839466
0.71072197
0.6827965
1.9609928
0.38178062
1.179101
0.49656963
1.710042
1.5189724
0.24826813
0.053465843
0.4208536
0.8578348
0.012992859
0.62351704
0.88071537
0.07507515
1.0175505
1.2437677
0.13004112
1.3800297
1.0674171
1.3856688
0.631629
0.0039806366
0.4248247
0.12682438
0.65973186
0.013056755
0.070672035
0.4098673
0.9420042
1.1424017
0.2644205
0.45762157
0.364254
0.038918495
2.3652363
0.010522842
0.22525024
0.18749046
2.7180233
0.57046413
1.0190935
0.7768545
0.26844025
0.15028667
0.30300045
0.79189014
1.202344
1.2541409
0.31909084
0.35790825
0.24628448
0.5686178
1.7376118
0.022943497
0.71939754
0.64924526
0.8896246
0.37318134
0.22224617
1.4882975
0.41325855
0.019219398
0.59626675
0.53583527
0.37922192
2.6574736
1.0756302
0.67006016
0.28825474
0.31218052
0.9666748
0.7862253
0.07708359
0.5561676
0.36880016
1.1923313
1.2388964
0.096837044
0.14183903
0.17348385
1.0749531
0.9038124
0.111828804
0.049043655
0.31092453
1.698432
3.3945494
0.38427448
2.2591076
1.0703354
0.15592384
0.066654205
0.07434654
0.54482174
0.98498344
0.37026024
0.5857954
0.19374847
0.108618736
0.83138275
2.0101118
1.0658369
0.11912823
0.0030183792
0.6374407
1.9932642
0.36947346
1.8820391
0.36824417
1.2467642
0.588706
0.3113165
1.3694582
0.45332432
0.034054756
0.84684277
0.67756367
0.12382412
0.37290478
0.49731064
0.39656448
0.18160534
1.9249773
1.4950066
1.3829002
1.4808302
0.44901657
0.014249802
1.5714827
1.166625
1.0556736
0.13370228
2.5635824
2.6285667
2.4533043
2.8764515
4.593981
2.3368988
2.0670052
2.6639967
2.0091772
2.154025
2.0139513
2.273325
3.0027285
2.3363333
1.4942703
2.043889
2.1993132
2.5204678
3.3788147
1.6510229
1.3778229
2.2873392
1.2343473
2.15415
2.2536507
2.2948503
2.454977
2.0627127
2.300908
2.0051537
2.8281708
2.199604
3.0886106
3.428462
2.211155
2.3212185
2.2170382
2.1366663
2.3360863
1.883501
2.140626
2.0943623
3.6701536
2.3981009
3.1219835
2.0710506
3.3114414
2.206233
2.553751
2.2487297
2.9309464
2.3911152
2.076211
2.0805998
2.9252815
2.2034693
2.4365606
1.8017797
3.1726446
2.2381535
2.0993423
2.8425064
2.738141
2.2953062
2.0411491
2.4963017
3.144867
2.8935442
2.559927
3.7225828
2.1410875
2.8412647
3.8075686
4.326988
2.029026
2.4676752
2.373104
1.5784645
4.135146
2.1685486
1.1831846
1.5626974
1.276103
1.2038698
1.8511076
1.8875256
1.101965
2.846694
2.2042418
3.8299208
2.0830708
2.044197
2.370367
3.4361048
2.132553
2.6514626
2.4912043
2.1111135
2.5329332
2.8514442
2.4364262
3.075488
2.2033262
2.341195
2.003933
2.4655657
2.3381948
2.6795769
3.4933004
2.0900908
2.1948195
2.359971
2.3771667
2.9555302
2.1273994
2.2177448
2.5175438
2.6538715
2.0820198
2.1694946
2.2948399
2.0740623
2.7537355
2.5357323
1.5445652
2.1571293
2.111271
2.3883648
1.4154062
2.0347357
2.268611
2.4053144
1.5327072
0.3394518
0.51945114
1.5160894
0.79241467
1.0120802
1.0336418
1.4852247
1.2967911
1.1734991
1.1145668
1.4112835
2.0661058
2.4267616
3.1492443
1.7674856
3.6106777
1.0500002
2.1613522
1.0614882
2.8313026
1.6406965
2.5383015
1.096199
1.2796364
1.1464367
3.5508423
3.0564947
2.795765
3.3809404
2.2704554
2.01054
2.251977
2.0436954
1.4570074
2.192525
2.2072353
2.1490078
2.2795124
3.3066359
2.1046486
2.828227
1.995182
2.566987
2.0415554
2.4094048
2.648674
3.6298342
2.3330545
2.2049751
2.1200714
2.1328726
2.2055082
2.63519
3.0231152
2.5905027
2.0292606
2.2728138
2.2927952
2.7705011
2.8605127
2.106227
2.0357084
2.0510664
2.1267633
2.138793
1.4010935
2.2097855
2.935029
1.202652
1.1592846
1.7559223
2.1441107
1.8190279
1.8648767
1.0774117
1.9624329
2.1384916
1.3956575
1.1651573
1.6225748
1.3940372
0.016971588
1.4022331
2.7437963
2.263483
2.4175968
1.6080122
1.3148127
1.4920511
1.2620773
2.7546196
1.5794191
1.7178802
0.38744068
2.4209032
2.1355028
2.0285606
2.9027185
4.244688
0.6354122
2.6545258
2.4457655
2.0221243
1.871253
2.5371857
2.7050562
2.187417
2.8289948
1.0062113
2.53866
2.685028
2.0901537
2.0396767
1.3985682
2.4311676
1.7034597
1.3267622
1.0861464
2.5301332
1.7985888
2.151762
1.3675423
1.671135
1.135829
2.5566444
1.3840618
1.0690651
1.2859335
1.1567259
1.2984114
0.46573067
1.6908989
2.0673113
1.1087093
1.1030741
1.5953293
1.0618372
1.0912094
0.49269104
1.5507708
0.7771902
1.044138
1.8276024
1.196949
1.1925287
0.97177887
0.24783325
1.030797
1.2131834
1.8164883
0.41569424
2.0763502
2.428566
0.32669258
0.3457861
1.110487
2.4123545
1.9367809
1.6560678
1.4795494
2.8126497
1.6973047
1.1356354
1.0246601
1.6267223
0.52401733
1.4381924
1.4417601
1.2228899
1.6070595
1.4485493
2.7125998
1.6824999
1.8703089
1.6656866
1.212368
1.8541899
1.0482855
1.1043482
1.293829
1.1307135
1.5589914
1.409625
2.3901482
1.4963408
1.0623827
1.3137636
1.49469
1.2632265
0.6604452
0.7176142
2.5807018
1.6466885
0.56541157
1.0067682
0.05922222
0.9939041
1.0618258
0.87376976
0.25220776
1.8331003
1.7136917
0.82356644
0.6478996
1.5271425
0.10458088
0.5503855
1.0931425
2.9114819
1.5160522
1.4411898
1.3480406
0.25877762
0.8177538
0.0067310333
2.2707663
0.16372871
1.0902967
2.3674192
0.004834175
1.204299
0.10607624
2.1875267
1.3928823
1.4441566
0.4271555
0.13785362
0.10278702
2.0852928
0.17699146
2.746437
1.2364655
0.37418652
0.6338463
0.6500883
0.92274094
2.1533208
1.2437344
0.3455572
0.47238255
1.5377369
2.215767
1.0720615
1.0052528
0.96544266
1.7538309
0.09027672
1.7013454
1.4098377
1.367734
0.9880676
1.08747
0.65850925
0.078930855
0.26417446
7.9345703E-4
1.1780758
1.0203476
0.6920967
0.056679726
0.5757618
1.3229494
0.10229015
0.91358566
1.0677776
1.6518755
0.18418884
0.38690948
2.1721468
1.1724453
0.16137314
0.63401794
2.2192926
0.4773836
0.14522552
1.3723011
0.102285385
0.447567
0.32900715
0.7280617
0.09973049
0.99797916
0.10364246
1.0992317
0.61523914
0.2384882
0.8307619
0.30630207
0.040260315
0.37373638
0.14807034
0.3689432
0.72427845
0.40806484
0.3504877
0.7644577
1.0359068
0.17817497
0.8171854
0.92327976
1.3443937
0.49604034
1.0008926
0.2156744
1.1954947
1.4254875
1.0653753
1.003233
1.1024361
2.3659081
0.7028513
0.25845432
1.0928936
0.41456985
2.3472424
0.47739506
1.146512
0.15344906
1.4726219
2.2953176
1.6658592
4.5194798
2.5048342
3.1189938
1.9075098
2.4519691
1.1653519
0.9982767
1.3793879
1.0081377
1.0129309
1.0746517
1.182003
2.2233038
1.1397018
1.1485729
1.7399511
1.8648052
1.1249218
1.2215166
1.1502504
1.7938919
1.8905058
1.6349192
1.4804764
1.2706051
1.2428665
0.10605812
1.0988207
2.3603039
0.47870064
1.2791195
1.0384398
0.13473797
0.2099266
1.0464334
0.09629345
1.3701706
0.7391634
0.0057439804
1.249568
0.4899702
1.6167555
0.13416958
1.1324663
0.0088300705
0.340765
1.2924767
0.018343925
0.46843624
1.7456064
2.4446955
0.079624176
0.29222298
0.73893356
1.6500864
0.30539703
0.2562952
0.22637081
0.28680706
3.019565
0.3551407
0.04232025
0.19120407
0.78467274
0.8172674
0.8837795
0.41930294
0.1578064
0.80480385
0.53963757
0.46881866
0.3652563
0.4808712
0.9587307
0.24073601
1.1138563
1.9958296
0.54090595
0.41914654
0.79988194
1.1549387
2.6652327
0.8285475
0.69896984
1.2440653
0.15103722
2.2167797
0.4872818
0.76370335
0.9017935
0.6031151
3.6835861
0.26175022
0.72924805
1.0985823
1.8745079
1.2908726
0.19375134
2.7466984
0.8666878
1.2694511
1.2884045
1.2833385
1.5288715
0.19453812
1.2020206
1.812746
0.018409729
1.2884502
0.58210087
0.9995928
1.1206741
0.6831436
1.3793802
1.9872398
2.001954
0.47035313
0.029050827
2.9544306
0.9549751
1.8893995
1.6835213
0.09697628
2.6453485
1.5124264
2.2618275
1.266386
0.67806816
0.27125263
0.37892818
1.7913618
0.0016899109
0.40831566
0.0035247803
0.050001144
0.60449314
0.024074554
0.12543488
0.19944668
0.36151505
0.42090034
0.30502033
0.62410164
0.72885704
0.8615856
1.51719
0.06498718
0.25528812
0.47568703
0.021490097
0.055747032
0.0893383
0.9645281
0.093387604
1.8595572
0.7188616
0.024661064
1.7939081
0.46931076
0.34419155
0.66824627
1.4881945
0.6121712
0.6264019
0.13037395
0.14561558
0.21808147
0.31986237
0.026068687
0.20032692
0.03664875
0.011354446
0.07582569
0.72738075
0.7300873
0.11494923
0.5999794
0.09420967
0.26399994
0.55213356
0.017504692
1.0425701
0.074866295
1.3997736
0.26226997
0.59732056
1.2124357
0.03246212
1.4178953
0.015010834
0.3378973
0.78903866
0.33182812
0.18445683
0.34931946
0.18288326
0.88728046
0.19025993
2.5899282
0.26429844
0.43732452
1.2475252
0.09809303
0.50569725
0.2594757
0.4606228
0.11118698
0.13745308
2.601861
0.64336014
0.91992855
0.77455807
0.20124531
0.31681633
0.2173729
0.117972374
1.0444584
0.6838789
0.028887749
0.5982065
0.12256718
1.852644
0.07633972
0.58276176
0.30639458
0.95909786
0.17283058
0.2772665
0.9367504
1.1348419
0.61104393
0.2020874
0.033988
0.0034589767
0.038790703
0.06747818
0.073290825
0.986393
0.41156864
1.1722631
0.43923664
1.2459335
0.31356335
0.24113178
0.15433598
0.029013634
0.16289139
0.09877396
0.8435621
3.3964014
0.34663486
0.08159828
0.60265446
1.604682
0.28955078
1.8376045
1.8786945
0.46430206
1.5049314
2.1615572
0.6684761
0.29136658
0.9290142
1.1243086
0.08360958
0.94098854
1.026597
0.75732994
0.108514786
2.0253801
1.2694292
2.39122
1.6574564
0.7151003
2.5153036
1.2544947
0.2506981
0.16710854
0.53900146
0.38469124
0.21135616
1.397522
1.2930527
0.2793684
0.17349148
0.05147171
0.89093876
0.26121044
0.178298
0.87927246
0.06511402
0.36395454
0.77057076
1.006711
0.86001587
0.22986507
0.28487778
0.040766716
0.4619341
0.3403244
0.6926956
0.03592968
0.5409174
0.56245327
0.72321224
1.1555071
1.0047188
0.83180904
0.241498
0.0023040771
1.215004
0.012298584
3.2166624
2.3640614
1.1541538
1.4282246
2.0525951
3.5389638
1.3876514
1.2065248
1.011137
1.4043484
2.0111141
1.3975496
1.6357374
2.5449276
2.1232796
1.6255856
1.817831
1.0267057
1.1973133
1.0881824
1.5125389
2.1672554
1.684206
1.0900517
1.0580168
1.0807676
1.0522585
1.2066183
4.247986
2.726965
2.1159935
1.4589033
1.7179441
1.2677708
1.6519175
1.3966894
0.098472595
1.292099
1.5500278
1.6676521
1.5174999
1.4749832
0.7615185
2.223815
1.096261
1.3185587
2.0296612
1.1329365
1.3040352
2.593669
1.343544
0.48816204
1.1942225
0.22775364
1.6529026
0.13441467
1.4628305
1.3663883
1.2552061
0.32126236
0.22479057
0.22559547
0.076233864
1.0015955
0.4387045
1.8646221
0.65864086
0.15333652
1.3588676
0.94572353
1.1615028
0.67977047
1.2270985
0.54158306
2.132328
0.38702202
0.42099
0.10521698
0.03703308
0.8928919
0.068042755
1.1443987
0.53850937
0.31557846
0.8851738
0.28341866
0.18793964
0.9234266
0.002371788
1.8054905
0.55188274
0.074082375
0.37544823
0.13071537
0.46271896
1.4102936
0.57067204
1.5541086
0.046435356
1.2435331
0.11290741
0.023247719
2.6584558
1.0437307
2.5167313
0.4884119
0.79579735
0.846982
0.006504059
0.30835056
0.018437386
1.5287886
0.51927185
1.1218796
2.4090395
0.115288734
3.1019707
0.14213562
0.61295605
0.9507103
0.022654533
1.0165968
0.6487608
1.0861835
0.68715096
0.001004219
1.3839636
0.10669708
0.9913378
0.29808712
0.32980537
1.4825659
1.1011009
0.1610136
0.8323488
0.101231575
0.32349682
1.0767918
0.38140488
0.4699993
0.46033955
1.7563009
0.30092812
3.0378761
1.6698322
1.9800043
0.54366016
0.17691135
0.8980341
0.44116306
0.5187855
0.046017647
0.11723423
0.34006786
1.358531
1.4546604
1.0258961
0.22436333
1.4183836
0.46730232
1.2494907
0.3734398
1.3018427
3.404192
0.782691
0.35767078
1.1053143
1.5338583
0.38250542
0.88726425
0.21201134
1.5964231
0.33542347
0.6972399
0.060297966
0.0058994293
0.5029144
0.010198593
0.36493206
0.6199436
0.8170786
1.0305033
1.016367
0.08110142
0.23829651
0.30249023
0.4078083
0.23659039
1.0862455
1.7941608
0.7216635
0.85555553
0.50313187
0.96450615
0.6087551
0.2041235
0.034256935
1.2971087
0.5000067
2.2274904
0.15979576
0.024111748
1.4404755
2.086193
0.22657204
0.5103636
0.2698717
1.0562658
0.42006493
0.12871647
0.8847618
0.64670753
1.9393721
0.13664818
0.38086605
0.28449345
0.6906853
0.47304153
1.88659
0.2888527
0.910409
0.56817627
0.36430645
0.8231993
1.4391365
0.32631874
0.2375822
1.0298805
1.1530933
0.22457027
0.6558533
1.377368
0.08377552
0.4622593
0.56137276
0.36663246
1.1205521
0.18251038
1.23911
0.58052444
0.52274036
0.24142838
0.04653454
0.10563278
0.42748547
0.5151186
0.92388344
0.09032917
0.6210146
0.009109497
0.05212021
1.9702635
0.566165
0.15246964
0.8760891
0.5935335
0.2745905
1.5790749
0.100027084
0.38681126
0.39739037
0.50262356
0.499691
0.4816122
1.8463879
0.09742355
0.23597431
1.2510071
0.10830593
0.4209261
0.75399876
0.62437725
0.64485836
0.529727
0.21697617
2.6432896
0.13025379
0.07876873
0.45050335
0.34885597
0.43630886
0.1799488
1.0404425
1.115695
1.1875286
1.7028904
2.1499681
1.2319107
0.33008003
1.6805897
0.21517849
0.22051334
0.16609383
0.42410088
0.8557215
1.0381756
0.10822487
0.15302277
0.4153061
1.0945063
0.3066721
0.23646832
0.66529083
0.38624382
0.20639992
0.38375664
0.17990112
0.11340618
0.08498669
0.54575634
1.0110168
0.640337
0.26122475
0.4899149
0.028587341
0.98843956
0.8911333
2.2491922
0.0278759
0.77897835
0.35162067
0.16503048
0.40926075
0.13877583
0.5028391
0.46643448
0.71680355
0.10795879
0.5526247
0.17984009
0.8965788
1.3503027
0.90396214
0.33102608
0.150424
0.9466095
2.0076656
0.23085785
0.043509483
0.003706932
0.39923573
0.18323612
1.3004322
0.18554401
0.55680084
0.46895504
1.218585
0.64109993
0.73856163
0.58735466
0.6505556
1.0498638
0.473835
1.0851212
0.63585186
0.05124092
0.4342146
0.06912899
0.47713566
0.26034355
1.3353891
0.7710924
0.019426346
1.495328
0.338212
0.31230545
0.2608471
1.9697237
0.029592514
2.992776
0.73370266
0.46221733
1.0496264
0.14121151
0.36570835
1.3924294
0.24362755
0.48593903
1.5998602
0.5330696
1.6854496
0.3089018
0.31054115
0.09619427
0.45108223
0.27082157
0.05054474
0.16258621
0.023900986
0.044546127
1.2942133
1.6654606
0.6620779
0.119864464
0.04639721
0.2126894
1.0793161
