2.018573
1.5139176
1.3501279
1.2292972
1.338133
1.2486415
1.5180488
1.1425842
1.0045223
0.78859746
1.0369154
1.176969
0.7550181
1.2515248
0.8374337
1.0939816
0.8610155
1.3131474
0.9923085
1.1838515
0.9613665
0.87684256
0.6867273
0.7899984
1.0261273
0.9676054
0.9493413
0.69243413
0.94686574
0.63468975
0.96097517
0.82415277
0.7158757
0.6260961
0.60453993
1.0180428
1.5202105
0.768307
1.2128649
0.7982891
1.154469
0.6712246
1.1277418
0.9299977
0.5136335
0.93190515
1.2540839
1.1257883
0.7361059
0.89121336
0.5213065
1.3193121
0.9335119
0.97969
1.0595787
1.5040884
0.78218246
0.64032346
0.9187829
0.68187535
1.2735069
1.0002307
1.0386407
1.1341469
0.7778513
1.0999594
3.8428175
1.1178305
0.80533487
0.9363546
1.266496
0.9139705
1.1458521
1.4970167
1.166254
1.1450657
0.9081868
0.9984922
0.9786578
1.1434493
1.0453324
0.88985676
0.83072525
1.1385543
1.121973
1.1997131
1.1710392
1.3812625
0.92678136
0.77285093
1.0730252
0.5443238
1.0566522
1.0118657
0.6564301
1.7265462
0.7784305
0.9866237
1.3548765
1.4272202
0.879756
1.3001828
0.8215586
0.90532666
0.6360024
0.77339387
1.1494969
0.90485233
0.7479146
1.0903925
1.080994
1.4134529
1.059595
0.72936994
1.0101452
1.1031868
0.77507806
1.1938084
1.2351402
1.1397755
1.4618133
1.6216878
0.87248486
0.8676193
1.1143463
0.7775624
0.99421805
0.89201456
1.2750553
0.56364125
1.2042332
1.3929082
1.3107435
1.04955
0.92046297
1.0693109
1.1308103
1.1127344
0.9956852
1.1723747
0.484098
1.0324253
0.91280895
1.5143312
0.6822968
1.1066675
0.733943
0.9906949
1.4313581
1.0446366
1.1090173
1.8470272
1.2515062
1.2682701
0.5205364
1.380333
1.1700159
1.0127587
1.5609771
0.53968304
1.0936704
0.8802043
1.1953989
0.73976636
0.71660465
1.0269772
1.0203462
0.8939806
1.1317954
1.2493821
0.898055
1.3735845
1.5388734
1.3527732
0.8622459
0.8680282
19.572393
1.5167483
0.6959651
1.0586519
1.1476712
1.5057404
1.0534216
1.363283
1.1235878
1.219084
1.239985
0.8883305
0.9946821
1.1635718
1.2768283
1.1218116
0.62700987
0.70333743
1.0236173
1.2108217
1.5475181
5.3479433
1.1225986
1.1560789
1.5553126
1.0164822
1.2828932
0.9108972
1.5864334
1.2693073
0.9047082
1.2530947
1.4193784
1.4066458
0.8733727
1.1866193
0.89026725
6.6641445
0.5053401
1.2752328
0.43753967
0.46539825
0.6601808
0.78649634
1.1322062
1.4317895
1.0427048
0.91603374
1.0354748
1.3087112
0.8637554
0.62830466
1.4172232
0.98880965
0.5975121
0.952038
1.4570986
0.9396679
1.138852
1.0103501
1.1847254
0.9115236
1.1939148
1.9453671
1.3602737
1.1666857
1.0147897
1.7047629
1.3876292
1.2726235
0.9045015
1.0635484
1.3139375
1.117676
1.181076
6.161173
0.85286236
0.99910945
0.5734422
0.78227156
1.4736866
1.1249229
0.8046022
1.1934975
0.86576843
0.82852536
1.5865794
0.8642365
0.77513325
1.2669934
1.1839485
0.90078366
0.87613434
0.97199863
1.4698818
1.5433676
1.0455018
0.9714564
0.9611618
1.5510695
0.7205443
0.94494224
1.2023737
1.0251822
1.1815274
0.70972896
1.4834125
0.95051044
0.9868258
1.42555
1.4547359
1.0274366
0.9796735
0.6918886
1.0561134
0.98640513
1.0381575
1.2118355
0.8051317
1.1574353
1.2444022
0.7145912
0.62189883
1.63325
1.0879593
1.1661681
0.96730673
1.5427779
0.78239036
0.8006278
1.0521672
1.2091869
1.4466692
1.9533266
1.1947215
0.901921
0.48235917
1.2144344
1.0021776
1.6321535
1.9913884
1.6224124
1.3381492
1.4984157
0.78655416
0.9712723
0.8534011
4.981995
0.76783526
0.7628627
1.3924156
1.4573276
0.8206515
48.41023
1.1242049
1.0109458
0.8533334
0.9473768
1.0923122
1.1566485
0.895605
0.90886724
0.84530526
1.2958225
1.0111665
1.5987191
0.899467
0.9333765
1.282925
1.1550605
1.1919849
0.9776661
1.2088622
1.2441729
0.9315533
0.48245856
0.7430376
1.1738746
1.0110654
0.96163976
0.7888645
1.4522197
0.7952612
0.83593476
0.92125636
1.2666968
1.184773
0.8813506
0.6383319
1.489271
0.55659527
1.0669458
0.9402038
1.2139467
1.480117
0.7427802
1.2908559
2.592965
1.6672637
2.0164576
1.0989039
0.9534493
1.190477
1.2512296
2.0422764
7.5539985
1.4305111
1.0789845
1.1887686
1.2142271
1.0119662
1.3881141
1.4474689
1.5075927
1.2571905
0.96494615
0.5822113
2.2033305
1.0026084
1.2571508
1.1262164
1.424384
1.2685841
1.2037027
1.2778398
0.7436534
1.4147038
1.1228827
0.83588934
0.76275235
0.90760785
1.2771189
0.82005566
1.1134918
1.280315
1.3330374
1.1935
1.0545882
1.4266049
1.0901783
1.1003808
1.4839276
1.066588
1.4006505
1.4602236
1.252443
1.0161356
0.93710077
1.046783
1.2417363
1.2524544
1.2900093
0.9765687
1.3328832
1.4210193
0.8523485
0.80684316
1.2093519
1.3180085
0.90534294
1.2413937
1.0905774
1.0768877
0.81499135
1.2173756
1.3863951
1.0694329
1.1013286
1.317109
0.50685495
1.480729
1.0399147
1.3690966
1.281342
1.454826
1.2933874
1.1606002
1.2550688
1.2874593
1.2720305
1.3609715
0.74424064
1.1326089
0.99318236
0.6658173
0.6205638
0.9865428
1.0708477
1.1103743
1.1140488
1.1801511
1.1231484
0.9707951
0.6320895
1.3689424
1.4704238
1.2831404
0.8926209
1.176558
1.136933
0.7506848
1.2253006
1.2649801
1.1474319
2.2483857
1.0737807
1.1137911
0.7931004
1.2253072
0.8282567
1.1724372
1.1018176
1.5341027
0.866698
1.2552037
1.2813514
1.0178436
1.638106
1.463597
0.9848597
1.1992608
1.1465703
1.0511776
1.645252
1.414461
1.5688125
1.3229576
0.9147772
0.8788775
1.2971144
1.3723204
1.2857766
1.5502053
0.40649065
0.5658661
0.7983668
1.827634
0.9097824
1.2481422
1.0823731
1.4397218
0.94659775
1.1749114
1.2485149
1.0176833
1.1323068
1.0919062
1.6722244
1.2249764
1.2834383
0.8024458
1.0978681
0.6629083
0.97520465
0.9814441
1.472678
1.0030451
0.746761
1.5431702
0.9137969
1.5471005
1.2192696
1.0127486
1.5881509
0.84077126
0.78074926
1.0118654
0.88608086
0.9435018
1.2789437
1.0623451
1.2146271
1.2881767
0.92797256
1.0158504
0.9058755
1.0380435
1.296323
1.0306568
1.1808391
1.0274545
0.53163254
0.7993115
1.0622855
1.0512553
0.47263917
1.2895557
1.4572647
1.2228816
1.1424612
0.8839813
0.87572104
0.8719849
1.1000652
0.58876926
1.209397
0.6796491
1.1534126
1.0626713
0.5166169
0.5267716
0.93031675
1.1921268
0.9407942
1.1473061
2.1179495
0.9232839
1.0200617
1.2473643
0.9502582
1.1371219
1.3118087
1.4930961
0.9639637
1.2061113
1.448758
1.1208622
1.2186869
0.97597545
1.528711
0.65066683
0.78758854
0.90342396
1.0971223
0.87606966
1.2672918
1.5219233
1.3793054
0.87747884
0.84848505
0.8993387
0.55649
1.490274
0.74937373
0.98736
0.9848272
0.7502856
1.2118989
1.2090884
1.6646686
1.0587862
1.1051937
1.5017569
1.003968
0.8993304
1.2509764
0.6994494
1.1395032
0.8707095
1.3248153
0.83326584
0.81960213
0.98832506
0.784203
1.4763976
0.67717654
0.8076471
0.72867465
1.4874557
0.93173033
1.7009513
1.1114655
1.133906
0.7088737
0.82186425
1.2979877
1.0608705
1.038758
1.3316231
1.29272
0.94389457
1.3721573
0.63172597
1.0935019
1.5322382
1.2251076
1.302734
1.2039498
1.3835297
1.0088412
0.7547858
1.1210318
0.9871894
1.302975
1.2734208
1.0667255
1.5141461
1.1540015
1.1899018
0.86219215
1.0863242
0.9686493
1.3869965
0.8523589
1.3359288
1.1762851
0.846908
1.5980273
1.1448445
0.940954
1.1749529
0.85463077
1.5818578
1.2897954
0.83325297
1.2843225
1.296624
1.3967894
1.3175955
1.0847765
0.77089626
0.9252304
1.4578465
0.98067814
1.8002168
1.2310917
1.1509962
1.1718688
1.0604433
1.8075031
0.9568749
0.7320522
1.4032006
1.0525079
0.8999642
0.98983365
1.146179
0.57711136
1.1345769
1.1710947
1.4682117
1.1990714
1.1020143
1.41611
1.2376289
0.88250846
1.099879
1.5045661
1.160672
1.0684483
0.7241267
0.9888997
1.0394595
1.8427267
1.1628696
0.9582087
1.163516
0.9080337
1.255484
1.526069
1.1632196
1.0255167
0.9374938
1.175034
0.7998057
0.89707077
0.7832581
1.1539831
0.9324301
0.5929133
0.8142704
1.1417618
1.4342952
0.9602306
0.6004928
1.4129858
1.3462813
1.4482079
1.0408814
0.7784369
2.8378377
1.6098152
1.0300229
1.4621977
1.130951
0.71232694
1.2870542
0.60072196
1.1577965
0.7780637
1.247163
0.8485137
1.1022227
0.7300685
0.8428924
0.63672835
0.91651714
1.214686
1.0825809
0.6663331
0.81613815
1.0659946
0.8079537
1.4212868
1.3166646
0.644801
0.8105938
1.046501
1.5066551
1.4277976
1.502758
18.919472
1.7972778
0.97318906
0.6929026
0.7797439
0.92124
1.0409875
1.0837396
1.3379341
0.51337534
1.1894803
1.3606553
1.3859788
0.74025553
0.91873616
1.4763935
3.8739598
1.233332
1.4050002
1.6067444
1.328003
1.4421223
1.6143409
1.5322701
1.087237
1.001538
1.0186408
1.4748417
0.91224515
0.66517043
0.9383828
1.1869318
0.7979695
1.2338915
1.1996936
0.6865272
1.2350739
1.2780863
0.96682906
1.0375725
0.9187201
1.0573509
1.0960742
1.1474521
1.1281781
0.9149007
1.1395549
0.8979496
1.0082563
1.442556
0.6414449
1.3509732
1.0543163
1.0765396
1.3984412
1.1752293
1.4433165
1.3546839
0.7602978
1.3095695
0.5810762
1.1395835
0.82536674
1.4449904
1.0801563
0.8091863
3.5133476
0.67218626
1.1217296
0.9433152
1.5922185
0.8371064
1.0214387
2.0937731
1.0187914
1.136398
1.2407218
0.9577899
0.8980062
0.96624506
7.8105884
1.7158309
1.2364067
1.1190327
1.0377731
0.9772788
1.2793728
1.335255
1.4311087
0.8457156
1.325784
1.0685779
1.3022014
0.7186581
1.2086717
1.1799449
0.8737402
0.6937122
1.1611724
1.5041581
1.1410258
0.932242
1.4084715
1.0226712
0.90055597
1.36931
0.7010041
1.1381019
1.0998396
0.77136546
0.77699167
1.1190978
1.4448849
0.8839186
0.71874225
0.8369585
0.89142334
1.2123725
0.91328126
0.8086955
0.83573127
0.7618773
1.2561761
0.921346
0.67780447
1.181201
1.2062528
0.9743354
1.3518944
1.4641186
0.9846362
1.5507565
0.8816331
0.92567915
1.239891
0.78011817
1.227041
0.97445697
0.8197483
0.85034746
0.83059925
0.9157876
0.8508916
0.8954978
1.2206736
0.93694425
0.65109897
1.183636
1.1397653
1.3880785
0.9701453
0.7907372
1.16661
0.7195255
1.216178
0.8637903
1.2998497
1.1043826
1.2351863
1.076118
0.61632013
0.886342
1.0800259
1.3460801
1.3347112
1.0057522
0.95675737
0.76620203
0.7595423
1.0371907
0.65893465
0.8817122
0.9400867
0.6664955
1.545932
1.1052618
1.0258552
0.7777992
0.9245564
1.0521356
1.0600598
1.2414864
1.0912355
0.727124
0.7642394
1.2444111
184.29993
0.736319
0.81564397
0.8804209
1.2216399
0.41104427
1.1816554
2.7192633
1.5760885
1.5510753
1.7786089
1.1608275
0.8082484
1.2390395
1.2335523
1.2202222
0.9628056
1.1917185
1.2179581
1.1526134
2.5164497
1.3252592
0.60094553
1.3207308
1.2558635
1.3826091
0.4971388
0.56062585
7860.9443
0.7517184
1.1327499
0.5565343
1.3991354
0.9128203
0.90297824
1.0154008
0.7788562
0.9772795
1.1358463
1.5920467
1.139836
0.6934624
0.69633055
1.2094364
1.0276206
0.78332597
0.9288565
1.4424895
1.0995624
0.98304313
1.1471461
1.0431538
1.6612316
0.9863679
1.570966
1.1636864
1.8904861
1.556107
1.3442088
4.900115
0.836451
4.2941546
0.87949795
1.2546558
1.0379208
0.6993434
1.03748
4.29964
0.9299255
2.1924884
0.9557263
0.8992351
0.8892247
8.013749
1.2332746
0.9881673
1.406649
0.9554765
0.9615707
1.849025
1.0945071
1.1250917
0.8258142
1.1980009
0.8921049
1.2895714
1.2319335
0.8555929
1.01817
1.1258322
1.3050473
0.7952951
1.1300894
1.226908
0.8086164
1.0699204
1.4294602
0.671787
3.7477102
0.9543565
1.1034539
1.1243756
0.86603314
0.9118656
1.0418291
1.284356
1.1337079
1.2176229
1.0007123
1.1437545
1.0271059
0.99013543
0.94403005
1.0391922
0.9768457
1.1113591
0.87602407
0.901397
0.80846
0.9075407
0.94281375
0.5916149
1.1015604
1.0540501
0.7870043
1.171418
1.3143332
1.2175602
1.2019885
0.79684496
0.8501024
0.72550774
1.1829606
0.6785876
0.9037575
0.91139376
2.5582678
0.8662691
0.8554694
1.065572
1.0108908
0.67418116
1.2504729
1.0576401
1.0437034
1.7889576
0.95396006
0.8893106
0.9933483
1.2211171
1.416845
1.2447671
1.0510886
1.1144731
0.8298719
1.3912733
0.9622574
0.8669084
1.0527008
1.2610401
0.95715547
1.0472289
0.9923172
1.4755082
1.0933647
0.84545064
0.8970822
1.3816471
0.7161396
1.0863193
0.70378053
0.6164455
0.72295314
0.77867407
0.988151
1.5822171
1.7622286
1.1856518
0.8869721
1.2665837
0.37555644
1.5892311
0.80284905
1.1180587
0.61937284
1.139043
0.53165674
1.718266
0.3988874
0.77072906
1.0006626
0.9115792
0.46643192
0.7586923
5.4816217
0.8262568
1.3805233
0.9916272
0.7599388
1.1830716
1.3285463
1.3242564
1.2440351
1.2056973
0.93282616
1.6115265
1.1756524
0.8282433
0.94988227
1.257067
0.4720676
1.0944765
0.8806853
1.2542726
1.4074157
1.7716461
1.5123789
0.95462525
1.1886634
1.4710379
0.8210038
0.9848736
47.59872
1.0162126
2.0091128
1.2004617
1.0862414
1.7136918
1.331253
1.6820543
0.9470437
1.3774117
0.9915635
0.71049994
0.560479
1.5280281
0.79779005
0.78144157
1.2395653
0.70600164
0.9353223
1.2511159
35.744385
0.7230103
0.5667535
0.89351034
0.6525758
0.9081362
1.2396181
1.1907672
1.2051289
0.5992251
1.0836134
1.0664023
0.56996304
4.0887585
1.0469962
0.6921687
0.64699125
1.2978811
0.4204265
1.3030488
1.1408167
0.35061562
1.2606329
0.9694586
0.90577507
0.6743058
0.86948675
1.1378012
1.0046556
2.1356056
0.8052976
0.78218156
0.99197423
1.3123301
0.8245689
1.0135425
1.0327039
0.9746138
1.08054
1.2663847
1.0501678
0.89867336
1.1040608
1.0379019
1.1001599
1.1687338
1.1485463
0.9864005
0.43347892
0.66967756
0.9873064
2.242188
1.193698
2.111763
1.4335032
0.82757956
1.6192281
0.856639
1.3530226
1.0813134
1.8844694
1.084439
1.0907665
1.5474404
1.3440039
1.0093869
1.719526
0.88653374
1.0603675
1.0900193
0.7461917
1.0246296
1.1058416
0.93898225
1.2230855
1.2143966
1.0947554
1.2683778
1.0246446
0.70780873
1.5840794
0.38127658
1.1231465
1.4037831
1.174434
1.1505517
295.85486
1.4721994
0.8645244
0.7707618
1.0044212
0.6501212
1.1634047
1.9420224
1.2476981
1.0243797
1.083434
0.7007072
1.3315146
1.1221105
3.6963527
1.0556469
2.698633
0.9247205
1.2376944
1.5670383
260.7018
0.8572532
1.4113122
1.8131498
0.8731292
1.3611664
1.2086663
0.70434815
0.863998
1.7854431
1.363549
1.4162873
0.9074717
0.49104524
0.76634246
0.5961382
0.9618843
1.147588
1.1817212
1.136757
1.0466357
1.4376452
0.9909463
1.7125298
1.388385
0.95059085
1.0186237
1.483716
1.1765763
1.0096205
1.4720701
0.99147296
1.1316041
1.369514
1.4010484
1.0325487
1.0220596
1.2615728
1.3154463
1.1479762
1.0530666
0.7908841
1.3889058
1.7165825
1.0676692
1.3030778
1.219701
1.0156139
1.4077405
1.5204834
1.0255474
1.527279
1.0701995
1.7224022
1.3188554
0.7343813
1.188246
0.89252883
0.8375708
1.4830742
1.0923364
1.344938
0.99385625
1.1611872
1.6168084
0.8623475
0.8473238
0.9804679
0.8063272
0.7447113
1.1304817
0.7929833
1.0197165
0.879962
0.90090567
1.2505511
1.1407716
0.9394417
0.7545846
1.2248085
1.3325877
0.897244
0.8250382
0.7278284
1.3214577
1.2373672
1.4122266
0.88861215
0.90611595
1.2446946
1.4390385
0.820194
0.95935065
1.5662366
1.1931252
1.2351717
0.925333
1.5036107
0.83144397
1.3089213
0.92027116
1.0207788
1.5456444
1.4296162
0.9300368
0.70219374
1.3470364
1.3903855
1.41735
1.2247056
1.012026
1.2683285
1.137437
1.1537522
1.2182866
1.0175474
1.1775959
0.727854
1.2515746
1.0557476
0.99732393
1.2934668
0.9243876
1.0038084
1.4334975
1.071236
0.996397
1.3381728
0.9132841
0.89666724
0.9395585
0.92620236
1.3426766
0.6805199
1.0422083
0.92405844
1.0980016
0.84745896
0.97575146
1.4182614
1.071
1.5616184
1.4825528
0.751822
1.2375273
1.2758275
1.125834
1.0453365
0.83281726
1.1564156
1.3913592
0.798279
0.6522366
0.9980324
1.5775423
1.0475152
0.9758733
0.7802444
0.7936973
1.0178928
1.1869142
1.2887361
1.4650853
1.2613243
1.0580192
0.8403717
1.0301343
0.8571487
1.1302532
1.2298825
1.0119969
1.1836032
1.7873523
1.0576108
1.0118643
1.3966795
1.2671039
1.268016
1.2329391
1.3844081
0.6708322
0.7236159
0.8200855
1.275117
1.0493699
1.1382082
1.1888223
1.3248456
0.948064
1.3511782
1.3295672
0.80812675
1.2116859
1.073467
0.8999081
1.4506518
1.1472193
0.9876197
1.1966444
0.9447248
1.1922969
1.3890532
1.182556
0.8664169
1.1529627
1.08118
0.79327005
1.0997351
1.186862
0.75928414
0.83347213
1.031705
1.3460075
1.093129
0.9308168
1.0986162
0.89718235
1.1699843
1.1063398
1.3042336
0.6706785
0.7022858
1.0425109
0.88362426
0.9108773
1.6387949
0.6270392
1.3703444
0.8759893
0.8246145
1.1696737
0.8717025
1.1599412
0.73768777
1.0995629
1.2894857
1.3186166
1.203638
0.7304708
1.1002642
1.101395
0.9640579
0.9389532
1.1620468
1.2895037
1.2804615
1.6917853
1.2900101
1.0398923
1.1199449
0.78361154
0.76177734
1.2904024
1.2204407
1.4913186
15.178481
0.8803301
1.4916884
1.2863886
1.1985072
1.2416506
1.2447832
0.9142452
0.75695646
1.0440613
1.2655331
1.2106392
0.94559205
1.226387
0.8825501
0.6842886
1.2246836
0.7190434
0.92758405
1.4125024
1.3100971
0.84421307
1.1416472
1.0190934
1.2037432
1.2976198
0.98745215
1.1143421
1.6032778
1.2069483
1.3458841
0.9307123
0.5095213
1.1982867
0.92756736
1.0575647
0.8486374
1.3808041
0.98296964
1.3121116
1.2939353
0.67100996
1.1356444
1.2476604
1.1349852
1.0497894
0.80118495
1.283835
1.4677144
0.9992608
0.6356639
0.82610315
1.4989017
6.0946345
1.2873728
0.73906636
1.138399
1.1307455
0.7719667
0.72015995
0.90357447
2.1346695
0.74405354
1.2975075
1.2999011
0.8305094
1.3005291
1.4650533
0.8805184
1.1055734
0.81520337
0.69712627
1.1814489
0.6424653
1.2659575
0.99934995
1.3321769
1.0916528
0.63763344
0.88935196
1.2925607
1.3910679
1.1924677
1.0670646
0.9197596
1.2300065
0.7823219
1.0771703
0.8723309
1.0550328
0.6736675
0.93479097
0.86670333
1.0197432
1.4264246
0.7478278
0.961053
1.0577714
1.3829697
1.2601821
0.9864523
1.2356576
1.3599551
1.2320405
0.8728864
0.94588107
1.203114
0.84549576
1.0975623
0.808952
1.3776801
1.4703283
1.054493
1.005194
4.6104326
1.1134797
1.0240159
0.53589636
0.60099083
8.326392
1.3415896
3809.5303
0.9253311
0.7391409
1.6978188
0.5001512
1.090195
1.1638466
0.90565413
1.2000661
1.0794932
0.69060093
1.1695373
3.1176968
0.7637367
0.69442683
27.560692
0.97808874
0.8743314
1.3868234
1.3916086
2.0156233
1.1750065
1.1974462
1.109443
1.518454
0.8016425
0.7889592
1.4341027
1.2026196
1.3206689
1.2091309
1.364447
2.5518568
1.2840582
1.1205155
0.7438257
1.7896948
0.9089077
0.9245255
0.63089305
1.526055
1.2855026
1.0203712
0.5570115
1.2663835
2.6867566
1.1778449
0.8457603
0.9897741
1.3181399
1.1163303
1.4273342
1.0477914
0.86857104
1.021848
1.42469
1.0216476
2.220907
0.68746513
1.2307806
1.0167053
1.0788227
1.8133526
1.9054377
0.9134801
1.0241427
0.6792647
0.9581047
1.012842
1.3845991
1.1325885
1.3131313
1.3174434
0.84927905
0.70429146
1.1647049
0.91602045
0.72475916
1.4216673
0.9270733
1.222374
1.7272651
1.6864386
1.1603266
1.4133645
1.2766787
1.3606697
0.83753663
1.0371037
0.69025207
1.2542974
0.90744275
1.5470996
1.9708062
1.1718538
0.9641064
1.3143533
2.2635481
1.3428403
0.7876496
1.3258183
1.1762362
1.3097682
1.3657504
0.9797916
0.93624973
1.011424
1.0059484
1.0200552
1.3442512
1.6476632
0.7234466
0.8188432
0.7868662
0.79298073
1.0767415
0.8637834
1.0864239
0.8415783
0.34460863
0.6827351
0.95351917
0.7888114
1.0690526
0.5162579
0.6789233
1.1520052
0.9719488
1.1894251
0.8925415
1.1279685
0.96025926
1.518619
0.88259256
1.4614097
1.3644842
1.0161171
0.8637931
0.96660185
0.60611624
1.3412021
1.2569216
1.317512
0.8487508
0.806891
1.182149
1.0012358
0.6542896
1.6495064
0.94766456
0.8621456
22.21954
1.0425899
0.70670396
2.191508
1.2272451
0.9767258
0.73995364
1.2001842
1.1030698
0.90491056
0.90967214
1.1961132
1.0389022
0.95373863
1.3071553
1.1565042
1.2524232
0.9318981
1.9491965
1.5871559
1.1573106
1.0486658
0.93293977
1.2112675
0.83208793
1.3787313
0.9905747
1.5706664
0.73420644
1.0143467
1.0216926
0.9807945
0.933782
1.0744278
0.8356484
0.9438616
1.6822771
0.97482145
1.1003801
2.2606046
0.83621824
2.6342702
0.98914284
1.5135856
1.5314264
1.1345979
1.430327
0.9039647
0.7964621
1.6083344
1.3785048
1.0331999
1.009134
0.94261014
0.8421612
0.6027382
0.87945783
1.1457045
0.7375944
1.3193707
1.9124248
0.90947264
1.3607103
168.30907
0.71889657
1.0277858
1.2280405
1.7783763
0.75229144
1.2629704
1.2771381
0.6835568
1.0703061
1.2824328
0.87240094
1.1543285
0.6122765
1.2260575
1.3456713
1.2335455
0.66326207
1.105049
1.1149112
0.99376094
1.6376826
1.1464349
1.0842047
0.5774405
0.8631621
0.71181095
0.52860355
0.6381515
1.3764246
2.4918938
13.330346
0.9481707
0.89214516
1.1901852
1.4275715
1.161408
1.1039128
0.5123104
1.0459557
0.96844065
0.9223167
0.55511886
1.031825
1.3461238
1.145029
2.136371
0.92409897
1.039164
1.5815015
1.6394615
1.4496136
25.21669
0.7139069
1.258854
1.2035496
0.8883793
1.4349939
1.114104
0.6858647
1.1587367
1.1052346
1.0971477
1.0780438
1.0886663
66.33156
1.149034
0.60682654
0.9183584
2.872105
1.0333012
1.2577196
1.1777031
0.7581062
0.982561
1.1216048
0.8417823
1.3478802
1.1008232
0.8781294
124.78063
1.074885
0.89823085
0.77536374
1.2155714
0.9622075
0.7553239
1.0553662
1.1423864
1.3150939
1.2356074
0.92461574
1.2112108
1.2278085
1.2737161
1.0822142
1.247192
1.3247929
0.73574674
2.0726988
0.9835027
1.5240203
0.8872827
0.6943821
0.6664688
2.2792387
1.2657924
0.9228459
1.0150045
0.68871045
0.98382246
0.99395996
1.6439441
0.9867865
1.1382451
0.8973644
1.0441766
4.325921
0.6909439
1.1252593
1.3327763
1.2369609
0.69746006
1.0555543
1.3958454
1.314085
0.9138038
1.3759788
0.6050119
1.1411775
1.4400449
0.961345
0.98907113
0.72405225
0.96804136
1.035877
0.7098886
0.92330635
1.5050604
0.8762265
0.88110834
1.4435108
1.0640138
1.4299101
7.946669
1.5894531
0.7696921
0.7501664
0.8831425
0.7471046
1.1105827
1.0869112
0.95885825
0.6837464
0.85401505
1.1194192
1.100188
0.7594435
1.223859
2.4526026
0.85488135
0.95416266
1.2195309
1.5175359
1.0646813
0.78504366
1.2993282
1.2362032
1.0655034
0.7538081
1.3213897
0.9020124
1.5611976
3.0481482
0.99442047
1.0952321
1.5441688
1.1287451
1.1028966
1.1046808
1.0467287
0.9142196
1.0900283
0.65227544
0.76631844
1.0765665
0.7431308
1.3287196
0.8208657
1.1124586
1.1705482
1.1018907
1.1517411
0.9182632
1.1240034
0.7184986
32.332325
1.2048949
0.96059465
1.351327
0.72827727
1.5028658
0.99094385
1.2276547
1.1899884
1.1784155
1.2252271
1.2158116
2.1967494
1.2853553
0.8737411
1.6340939
1.2005552
1.1348374
1.3185195
1.2760155
0.9063789
1.0623955
1.1508975
1.4709324
0.9017625
1.2336005
1.4926133
0.68131644
0.9423082
0.7649796
0.9231236
0.8413408
1.4290744
0.82646286
0.9423568
0.65982753
0.8316713
0.9326943
1.0566185
1.3843048
1.0677568
0.95504
0.9231392
0.74630237
1.8968742
1.1909261
0.8790954
1.0291165
0.8299236
0.8022305
1.0387132
1.1865839
0.6313223
0.90904295
1.1821252
1.364195
0.96252424
1.3140966
0.70989555
0.7731404
1.0765532
1.0379808
2.0860627
1.2467259
1.1989136
0.8204812
1.0319812
1.4025187
1.0738355
0.78997695
1.1689866
8.787672
1.4827796
1.011951
0.9566986
1.4584581
1.0276102
0.7784554
0.6321295
0.86083066
1.3150321
1.3926476
1.4361413
0.5127073
0.8969858
1.1052327
0.97172153
18.76204
0.70512116
0.6064686
0.91678005
0.68564314
1.0316935
0.7767477
1.1926054
0.77348024
1.5358108
9.193785
0.7461223
1.1059883
0.6282583
0.87596005
0.89808375
1.172996
1.4079183
1.3105825
0.9666579
0.8261005
1.6507939
1.2434245
0.9526154
1.1555905
1.5201888
1.0038959
1.2972845
1.5397499
6.9472938
0.67470515
1.0675894
1.0581276
1.4516168
1.7759912
0.6711894
0.6776086
1.1445091
1.3759434
1.2048056
0.96266174
0.7105435
1.2228826
1.1214409
1.0719665
0.9071955
1.2016394
0.9858909
0.50863945
0.9536434
0.9977162
3.4685888
0.7932517
0.7538265
0.72514325
1.4368529
1.2840862
1.2535746
0.9149268
0.8324892
0.48069486
0.97693527
1.4917293
1.0359877
1.0964689
0.69100267
0.9991214
1.4433868
2.1033049
1.3641477
1.2625855
0.8540658
0.9391443
1.7439682
1.4427162
1.0450245
1.1253699
0.78343034
1.3432981
1.7023108
1.0081187
1.0603756
0.8929944
0.6653359
3.7808983
0.9704774
1.5584342
2.270569
0.9416227
1.0416733
0.7644997
1.0403721
0.91824174
1.0508096
0.918869
1.2362539
2.968789
14312.847
1.8426521
1.1975281
0.71966654
1.0008553
1.0219561
0.7962725
1.2545457
6.8639297
0.41981822
1.4411043
0.70272595
0.67499864
0.81224805
1.5542217
1.056594
0.92550427
0.23840849
1.2201092
1.141106
0.60396975
1.0555545
1.4279749
0.6184266
1.0449226
0.82044077
1.0540962
1.2672918
1.1771159
1.0685418
1.152713
0.9644207
1.0814342
1.2621303
0.72906625
0.7548379
0.5624535
0.6768604
1.632308
1.7227882
0.8558913
1.3279501
1.0195969
1.1845632
1.2361934
1.0936999
0.9028205
0.793069
0.73240405
1.0636284
0.47529444
0.75680584
1.0550777
0.6790398
1.2771885
0.69609284
1.1630028
1.3939588
1.4153577
1.1562033
0.7281003
1.218046
1.0563287
0.66731113
1.2268581
0.8973606
0.43121842
0.74778646
0.9035249
0.9521969
1.0811937
0.70451653
1.246055
1.188509
0.82134974
1.7579132
0.93736124
0.7944344
1.0754708
1.0956793
1.0213099
0.8706148
0.6839783
1.0651777
1.0059791
0.78689575
1.2257067
1.1466948
0.9839795
0.97014993
1.3138945
1.1156689
0.66209143
15.222162
1.2465858
0.8994027
1.075881
0.37562954
0.71175444
2.3486218
1.2284498
0.9422847
0.83099216
1.3835623
0.7701267
1.4979968
0.79996705
0.84887886
1.2453922
2.6261113
1.1636945
0.82678145
0.9739013
1.2190214
0.6777035
1.5012289
0.8481225
0.6712423
1.1963077
0.89734447
0.7631157
1.6413244
2.2507136
1.2001271
0.931455
1.0112308
0.6008119
1.1840405
0.65671533
1.3483788
1.1328598
0.9193074
1.3385274
1.2088127
1.4550556
1.3667873
1.1013801
0.8995932
0.81946474
1.2692081
0.85240114
0.9092178
0.73304707
6.5412545
0.9075526
0.3276214
1.0642391
0.669095
0.9426058
1.0312433
1.0532763
1.3092498
0.9770929
0.6403081
2.3494406
5.33992
1.4944566
1.0536283
0.7896614
1.6601057
0.92474455
1.257136
3.0917585
0.7299658
87.529434
0.8316601
0.86749756
1.1767613
1.0019238
0.72378004
1.9717357
0.7703554
1.181211
0.78536904
1.2494735
0.83942115
1.3688171
1.3371378
0.88683677
0.7658519
1.9512215
0.9692868
1.5228076
0.982142
0.90201175
0.83902246
0.54433316
1.3196411
0.96446073
0.5421602
1.238242
1.1319717
1.0354763
1.177391
1.0437672
1.4520416
0.87408745
0.70191073
16.447268
0.72019804
0.6624021
1.5701143
1.2298198
0.7400703
0.90866774
0.7753333
0.9843579
1.2495143
1.3148803
0.91198546
0.6527359
0.87224096
1.9299629
0.68611485
1.2439262
1.4244664
0.8561413
1.2891494
0.6510852
1.1827773
1.3014184
